x=1:100;
y=1:100;
